x [mm], y [mm], u [m/s], v [m/s]
-1.950000000000000000e+02, -9.500000000000000000e+01, 9.921276092529296875e+00, 1.973134726285934448e-01
-1.850000000000000000e+02, -9.500000000000000000e+01, 9.921276092529296875e+00, 1.973134726285934448e-01
-1.750000000000000000e+02, -9.500000000000000000e+01, 9.921276092529296875e+00, 1.973134726285934448e-01
-1.650000000000000000e+02, -9.500000000000000000e+01, nan, nan
-1.550000000000000000e+02, -9.500000000000000000e+01, nan, nan
-1.450000000000000000e+02, -9.500000000000000000e+01, nan, nan
-1.350000000000000000e+02, -9.500000000000000000e+01, nan, nan
-1.250000000000000000e+02, -9.500000000000000000e+01, nan, nan
-1.150000000000000000e+02, -9.500000000000000000e+01, nan, nan
-1.050000000000000000e+02, -9.500000000000000000e+01, 1.038798427581787109e+01, -9.399751573801040649e-02
-9.500000000000000000e+01, -9.500000000000000000e+01, 1.038877677917480469e+01, -1.028776094317436218e-01
-8.500000000000000000e+01, -9.500000000000000000e+01, 1.065788745880126953e+01, 4.272341728210449219e-03
-7.500000000000000000e+01, -9.500000000000000000e+01, 1.129776668548583984e+01, 2.028829455375671387e-01
-6.500000000000000000e+01, -9.500000000000000000e+01, 1.179995155334472656e+01, 3.096389174461364746e-01
-5.500000000000000000e+01, -9.500000000000000000e+01, 1.196385669708251953e+01, 3.280062377452850342e-01
-4.500000000000000000e+01, -9.500000000000000000e+01, 1.172321414947509766e+01, 2.380783706903457642e-01
-3.500000000000000000e+01, -9.500000000000000000e+01, 1.113184261322021484e+01, 1.119936853647232056e-01
-2.500000000000000000e+01, -9.500000000000000000e+01, 1.083753776550292969e+01, 2.031077742576599121e-01
-1.500000000000000000e+01, -9.500000000000000000e+01, 1.090345096588134766e+01, 2.711968719959259033e-01
-5.000000000000000000e+00, -9.500000000000000000e+01, 1.096163654327392578e+01, 2.472960650920867920e-01
5.000000000000000000e+00, -9.500000000000000000e+01, 1.091574573516845703e+01, 3.382999002933502197e-01
1.500000000000000000e+01, -9.500000000000000000e+01, 1.055586433410644531e+01, 2.049458026885986328e-01
2.500000000000000000e+01, -9.500000000000000000e+01, 1.065081977844238281e+01, 5.030374228954315186e-02
3.500000000000000000e+01, -9.500000000000000000e+01, 1.044252681732177734e+01, 2.487384974956512451e-01
4.500000000000000000e+01, -9.500000000000000000e+01, 1.030923271179199219e+01, 2.441536188125610352e-01
5.500000000000000000e+01, -9.500000000000000000e+01, 1.045362949371337891e+01, 2.455413490533828735e-01
6.500000000000000000e+01, -9.500000000000000000e+01, 1.047742843627929688e+01, 4.988502264022827148e-01
7.500000000000000000e+01, -9.500000000000000000e+01, 1.061923885345458984e+01, 5.089215040206909180e-01
8.500000000000000000e+01, -9.500000000000000000e+01, 1.073385906219482422e+01, 5.212337374687194824e-01
9.500000000000000000e+01, -9.500000000000000000e+01, 1.071739387512207031e+01, 4.731549322605133057e-01
1.050000000000000000e+02, -9.500000000000000000e+01, 1.062468910217285156e+01, 3.847592473030090332e-01
1.150000000000000000e+02, -9.500000000000000000e+01, 1.043662452697753906e+01, 2.205837965011596680e-01
1.250000000000000000e+02, -9.500000000000000000e+01, 1.019012546539306641e+01, 4.661776870489120483e-02
1.350000000000000000e+02, -9.500000000000000000e+01, 9.909889221191406250e+00, -1.126070693135261536e-01
1.450000000000000000e+02, -9.500000000000000000e+01, 1.003153324127197266e+01, -9.028450399637222290e-02
1.550000000000000000e+02, -9.500000000000000000e+01, 1.048737621307373047e+01, -1.601196080446243286e-02
1.650000000000000000e+02, -9.500000000000000000e+01, 1.067128467559814453e+01, -1.014516502618789673e-02
1.750000000000000000e+02, -9.500000000000000000e+01, 1.073430061340332031e+01, 3.551479429006576538e-02
1.850000000000000000e+02, -9.500000000000000000e+01, 1.076010799407958984e+01, 3.978418558835983276e-02
1.950000000000000000e+02, -9.500000000000000000e+01, 1.085933494567871094e+01, 9.162556380033493042e-03
-1.950000000000000000e+02, -8.500000000000000000e+01, 9.840137481689453125e+00, 3.374695479869842529e-01
-1.850000000000000000e+02, -8.500000000000000000e+01, 9.854084014892578125e+00, 3.155621886253356934e-01
-1.750000000000000000e+02, -8.500000000000000000e+01, 9.899770736694335938e+00, 2.376568913459777832e-01
-1.650000000000000000e+02, -8.500000000000000000e+01, 9.936186790466308594e+00, 1.757314503192901611e-01
-1.550000000000000000e+02, -8.500000000000000000e+01, nan, nan
-1.450000000000000000e+02, -8.500000000000000000e+01, nan, nan
-1.350000000000000000e+02, -8.500000000000000000e+01, nan, nan
-1.250000000000000000e+02, -8.500000000000000000e+01, nan, nan
-1.150000000000000000e+02, -8.500000000000000000e+01, nan, nan
-1.050000000000000000e+02, -8.500000000000000000e+01, 1.038907527923583984e+01, -1.028572842478752136e-01
-9.500000000000000000e+01, -8.500000000000000000e+01, 1.062816047668457031e+01, -2.794712781906127930e-03
-8.500000000000000000e+01, -8.500000000000000000e+01, 1.127114391326904297e+01, 2.920848429203033447e-01
-7.500000000000000000e+01, -8.500000000000000000e+01, 1.160649299621582031e+01, 5.078011751174926758e-01
-6.500000000000000000e+01, -8.500000000000000000e+01, 1.176468467712402344e+01, 6.007076501846313477e-01
-5.500000000000000000e+01, -8.500000000000000000e+01, 1.188441371917724609e+01, 6.388984322547912598e-01
-4.500000000000000000e+01, -8.500000000000000000e+01, 1.194544124603271484e+01, 6.290739178657531738e-01
-3.500000000000000000e+01, -8.500000000000000000e+01, 1.191231346130371094e+01, 5.841869711875915527e-01
-2.500000000000000000e+01, -8.500000000000000000e+01, 1.186170768737792969e+01, 5.012484788894653320e-01
-1.500000000000000000e+01, -8.500000000000000000e+01, 1.187540340423583984e+01, 4.120900332927703857e-01
-5.000000000000000000e+00, -8.500000000000000000e+01, 1.180653572082519531e+01, 4.323342442512512207e-01
5.000000000000000000e+00, -8.500000000000000000e+01, 1.116629695892333984e+01, 5.006090998649597168e-01
1.500000000000000000e+01, -8.500000000000000000e+01, 1.057491016387939453e+01, 1.693380922079086304e-01
2.500000000000000000e+01, -8.500000000000000000e+01, 1.053692626953125000e+01, -1.428006887435913086e-01
3.500000000000000000e+01, -8.500000000000000000e+01, 1.045460700988769531e+01, 4.503607749938964844e-02
4.500000000000000000e+01, -8.500000000000000000e+01, 1.032492160797119141e+01, 1.020021587610244751e-01
5.500000000000000000e+01, -8.500000000000000000e+01, 1.030089950561523438e+01, 5.472471565008163452e-02
6.500000000000000000e+01, -8.500000000000000000e+01, 1.046363735198974609e+01, 3.220958113670349121e-01
7.500000000000000000e+01, -8.500000000000000000e+01, 1.056709861755371094e+01, 3.712143003940582275e-01
8.500000000000000000e+01, -8.500000000000000000e+01, 1.059719371795654297e+01, 3.525913655757904053e-01
9.500000000000000000e+01, -8.500000000000000000e+01, 1.057029533386230469e+01, 3.374837338924407959e-01
1.050000000000000000e+02, -8.500000000000000000e+01, 1.054143905639648438e+01, 3.214823603630065918e-01
1.150000000000000000e+02, -8.500000000000000000e+01, 1.040428829193115234e+01, 1.851157397031784058e-01
1.250000000000000000e+02, -8.500000000000000000e+01, 1.019858646392822266e+01, 3.456967324018478394e-02
1.350000000000000000e+02, -8.500000000000000000e+01, 1.014896583557128906e+01, -9.567543864250183105e-03
1.450000000000000000e+02, -8.500000000000000000e+01, 1.032211494445800781e+01, 6.036387383937835693e-02
1.550000000000000000e+02, -8.500000000000000000e+01, 1.047436141967773438e+01, 6.229005008935928345e-02
1.650000000000000000e+02, -8.500000000000000000e+01, 1.069622802734375000e+01, 3.998527303338050842e-03
1.750000000000000000e+02, -8.500000000000000000e+01, 1.096864318847656250e+01, -2.617090940475463867e-02
1.850000000000000000e+02, -8.500000000000000000e+01, 1.085405254364013672e+01, -8.977219462394714355e-03
1.950000000000000000e+02, -8.500000000000000000e+01, 1.076089668273925781e+01, 3.924394398927688599e-02
-1.950000000000000000e+02, -7.500000000000000000e+01, 9.939014434814453125e+00, 1.685878783464431763e-01
-1.850000000000000000e+02, -7.500000000000000000e+01, 9.930504798889160156e+00, 1.936800926923751831e-01
-1.750000000000000000e+02, -7.500000000000000000e+01, 9.907684326171875000e+00, 2.313748002052307129e-01
-1.650000000000000000e+02, -7.500000000000000000e+01, 9.911247253417968750e+00, 2.171944230794906616e-01
-1.550000000000000000e+02, -7.500000000000000000e+01, 9.957464218139648438e+00, 1.449331492185592651e-01
-1.450000000000000000e+02, -7.500000000000000000e+01, nan, nan
-1.350000000000000000e+02, -7.500000000000000000e+01, nan, nan
-1.250000000000000000e+02, -7.500000000000000000e+01, nan, nan
-1.150000000000000000e+02, -7.500000000000000000e+01, nan, nan
-1.050000000000000000e+02, -7.500000000000000000e+01, 1.035250282287597656e+01, -1.146403700113296509e-01
-9.500000000000000000e+01, -7.500000000000000000e+01, 1.065120315551757812e+01, 7.111286371946334839e-02
-8.500000000000000000e+01, -7.500000000000000000e+01, 1.077585029602050781e+01, 2.420209646224975586e-01
-7.500000000000000000e+01, -7.500000000000000000e+01, 1.086115455627441406e+01, 2.677230536937713623e-01
-6.500000000000000000e+01, -7.500000000000000000e+01, 1.100873184204101562e+01, 2.746770977973937988e-01
-5.500000000000000000e+01, -7.500000000000000000e+01, 1.111024665832519531e+01, 2.945419549942016602e-01
-4.500000000000000000e+01, -7.500000000000000000e+01, 1.118849754333496094e+01, 3.332904577255249023e-01
-3.500000000000000000e+01, -7.500000000000000000e+01, 1.126426124572753906e+01, 3.853385150432586670e-01
-2.500000000000000000e+01, -7.500000000000000000e+01, 1.133318042755126953e+01, 4.253405332565307617e-01
-1.500000000000000000e+01, -7.500000000000000000e+01, 1.137082767486572266e+01, 4.074904918670654297e-01
-5.000000000000000000e+00, -7.500000000000000000e+01, 1.132306861877441406e+01, 3.126622736454010010e-01
5.000000000000000000e+00, -7.500000000000000000e+01, 1.099343681335449219e+01, 1.605959981679916382e-01
1.500000000000000000e+01, -7.500000000000000000e+01, 1.069645118713378906e+01, -5.172503739595413208e-02
2.500000000000000000e+01, -7.500000000000000000e+01, 1.063292312622070312e+01, -1.117303073406219482e-01
3.500000000000000000e+01, -7.500000000000000000e+01, 1.062534332275390625e+01, 5.730283260345458984e-02
4.500000000000000000e+01, -7.500000000000000000e+01, 1.053083896636962891e+01, 1.204735040664672852e-01
5.500000000000000000e+01, -7.500000000000000000e+01, 1.044243144989013672e+01, 8.329916745424270630e-02
6.500000000000000000e+01, -7.500000000000000000e+01, 1.048035144805908203e+01, 1.778355985879898071e-01
7.500000000000000000e+01, -7.500000000000000000e+01, 1.054339599609375000e+01, 2.743929922580718994e-01
8.500000000000000000e+01, -7.500000000000000000e+01, 1.052958488464355469e+01, 2.702977359294891357e-01
9.500000000000000000e+01, -7.500000000000000000e+01, 1.049245834350585938e+01, 2.719748020172119141e-01
1.050000000000000000e+02, -7.500000000000000000e+01, 1.045111846923828125e+01, 2.662118673324584961e-01
1.150000000000000000e+02, -7.500000000000000000e+01, 1.036557674407958984e+01, 1.500803828239440918e-01
1.250000000000000000e+02, -7.500000000000000000e+01, 1.024543762207031250e+01, 4.192879050970077515e-02
1.350000000000000000e+02, -7.500000000000000000e+01, 1.026414012908935547e+01, 2.914638444781303406e-02
1.450000000000000000e+02, -7.500000000000000000e+01, 1.038460731506347656e+01, 5.602830648422241211e-02
1.550000000000000000e+02, -7.500000000000000000e+01, 1.049840736389160156e+01, 6.975771486759185791e-02
1.650000000000000000e+02, -7.500000000000000000e+01, 1.077687454223632812e+01, 7.262247800827026367e-02
1.750000000000000000e+02, -7.500000000000000000e+01, 1.118054580688476562e+01, 1.055798307061195374e-02
1.850000000000000000e+02, -7.500000000000000000e+01, 1.103159427642822266e+01, -9.849809110164642334e-03
1.950000000000000000e+02, -7.500000000000000000e+01, 1.083859539031982422e+01, 6.621042266488075256e-04
-1.950000000000000000e+02, -6.500000000000000000e+01, 1.000528717041015625e+01, 5.698145925998687744e-02
-1.850000000000000000e+02, -6.500000000000000000e+01, 1.001067256927490234e+01, 8.275694400072097778e-02
-1.750000000000000000e+02, -6.500000000000000000e+01, 9.998144149780273438e+00, 1.233796104788780212e-01
-1.650000000000000000e+02, -6.500000000000000000e+01, 9.957098960876464844e+00, 1.754462271928787231e-01
-1.550000000000000000e+02, -6.500000000000000000e+01, 9.949456214904785156e+00, 1.610623002052307129e-01
-1.450000000000000000e+02, -6.500000000000000000e+01, 9.972374916076660156e+00, 1.233511492609977722e-01
-1.350000000000000000e+02, -6.500000000000000000e+01, nan, nan
-1.250000000000000000e+02, -6.500000000000000000e+01, nan, nan
-1.150000000000000000e+02, -6.500000000000000000e+01, 1.038798427581787109e+01, -9.399751573801040649e-02
-1.050000000000000000e+02, -6.500000000000000000e+01, 1.012503242492675781e+01, -2.001225650310516357e-01
-9.500000000000000000e+01, -6.500000000000000000e+01, 1.012014389038085938e+01, -9.369400888681411743e-02
-8.500000000000000000e+01, -6.500000000000000000e+01, 1.003583526611328125e+01, -1.005315557122230530e-01
-7.500000000000000000e+01, -6.500000000000000000e+01, 1.012383460998535156e+01, -1.310420930385589600e-01
-6.500000000000000000e+01, -6.500000000000000000e+01, 1.028089332580566406e+01, -1.319214403629302979e-01
-5.500000000000000000e+01, -6.500000000000000000e+01, 1.048620128631591797e+01, -1.090934276580810547e-01
-4.500000000000000000e+01, -6.500000000000000000e+01, 1.068057441711425781e+01, -6.168915331363677979e-02
-3.500000000000000000e+01, -6.500000000000000000e+01, 1.085213661193847656e+01, 7.457311265170574188e-03
-2.500000000000000000e+01, -6.500000000000000000e+01, 1.099847698211669922e+01, 7.890636473894119263e-02
-1.500000000000000000e+01, -6.500000000000000000e+01, 1.110007381439208984e+01, 1.219784915447235107e-01
-5.000000000000000000e+00, -6.500000000000000000e+01, 1.110242366790771484e+01, 1.154662668704986572e-01
5.000000000000000000e+00, -6.500000000000000000e+01, 1.097361469268798828e+01, 3.966307640075683594e-02
1.500000000000000000e+01, -6.500000000000000000e+01, 1.086936473846435547e+01, -4.635307937860488892e-02
2.500000000000000000e+01, -6.500000000000000000e+01, 1.089488983154296875e+01, -1.487287878990173340e-02
3.500000000000000000e+01, -6.500000000000000000e+01, 1.085142707824707031e+01, 1.319639831781387329e-01
4.500000000000000000e+01, -6.500000000000000000e+01, 1.069451904296875000e+01, 1.957957446575164795e-01
5.500000000000000000e+01, -6.500000000000000000e+01, 1.056425189971923828e+01, 1.538499444723129272e-01
6.500000000000000000e+01, -6.500000000000000000e+01, 1.049355030059814453e+01, 1.269840002059936523e-01
7.500000000000000000e+01, -6.500000000000000000e+01, 1.050596046447753906e+01, 2.331547439098358154e-01
8.500000000000000000e+01, -6.500000000000000000e+01, 1.049542522430419922e+01, 2.497196346521377563e-01
9.500000000000000000e+01, -6.500000000000000000e+01, 1.043781089782714844e+01, 2.400963008403778076e-01
1.050000000000000000e+02, -6.500000000000000000e+01, 1.035531616210937500e+01, 2.281263172626495361e-01
1.150000000000000000e+02, -6.500000000000000000e+01, 1.032257175445556641e+01, 1.200756654143333435e-01
1.250000000000000000e+02, -6.500000000000000000e+01, 1.029536056518554688e+01, 4.288563504815101624e-02
1.350000000000000000e+02, -6.500000000000000000e+01, 1.031629657745361328e+01, 2.487454935908317566e-02
1.450000000000000000e+02, -6.500000000000000000e+01, 1.040398120880126953e+01, 2.959849312901496887e-02
1.550000000000000000e+02, -6.500000000000000000e+01, 1.056127166748046875e+01, 4.003567248582839966e-02
1.650000000000000000e+02, -6.500000000000000000e+01, 1.089237117767333984e+01, 7.401956617832183838e-02
1.750000000000000000e+02, -6.500000000000000000e+01, 1.118698596954345703e+01, 1.132139116525650024e-01
1.850000000000000000e+02, -6.500000000000000000e+01, 1.111769962310791016e+01, 1.909618377685546875e-01
1.950000000000000000e+02, -6.500000000000000000e+01, 1.088913249969482422e+01, 5.224694311618804932e-02
-1.950000000000000000e+02, -5.500000000000000000e+01, 9.985076904296875000e+00, 9.045110642910003662e-02
-1.850000000000000000e+02, -5.500000000000000000e+01, 9.996986389160156250e+00, 1.228829026222229004e-01
-1.750000000000000000e+02, -5.500000000000000000e+01, 1.000374221801757812e+01, 1.519822478294372559e-01
-1.650000000000000000e+02, -5.500000000000000000e+01, 9.992838859558105469e+00, 1.804453134536743164e-01
-1.550000000000000000e+02, -5.500000000000000000e+01, 9.942851066589355469e+00, 2.090547680854797363e-01
-1.450000000000000000e+02, -5.500000000000000000e+01, 9.959552764892578125e+00, 1.588566303253173828e-01
-1.350000000000000000e+02, -5.500000000000000000e+01, nan, nan
-1.250000000000000000e+02, -5.500000000000000000e+01, nan, nan
-1.150000000000000000e+02, -5.500000000000000000e+01, nan, nan
-1.050000000000000000e+02, -5.500000000000000000e+01, 9.671789169311523438e+00, -4.286791980266571045e-01
-9.500000000000000000e+01, -5.500000000000000000e+01, 9.522717475891113281e+00, -4.147733151912689209e-01
-8.500000000000000000e+01, -5.500000000000000000e+01, 9.357345581054687500e+00, -4.994041621685028076e-01
-7.500000000000000000e+01, -5.500000000000000000e+01, 9.426985740661621094e+00, -5.491717457771301270e-01
-6.500000000000000000e+01, -5.500000000000000000e+01, 9.696545600891113281e+00, -5.620257854461669922e-01
-5.500000000000000000e+01, -5.500000000000000000e+01, 9.996745109558105469e+00, -5.424892902374267578e-01
-4.500000000000000000e+01, -5.500000000000000000e+01, 1.028958892822265625e+01, -4.864525198936462402e-01
-3.500000000000000000e+01, -5.500000000000000000e+01, 1.054842090606689453e+01, -3.915179967880249023e-01
-2.500000000000000000e+01, -5.500000000000000000e+01, 1.077081775665283203e+01, -2.714773714542388916e-01
-1.500000000000000000e+01, -5.500000000000000000e+01, 1.097240638732910156e+01, -1.525777280330657959e-01
-5.000000000000000000e+00, -5.500000000000000000e+01, 1.114125919342041016e+01, -5.176304280757904053e-02
5.000000000000000000e+00, -5.500000000000000000e+01, 1.121698474884033203e+01, 3.920103609561920166e-02
1.500000000000000000e+01, -5.500000000000000000e+01, 1.118898773193359375e+01, 1.138646900653839111e-01
2.500000000000000000e+01, -5.500000000000000000e+01, 1.112478351593017578e+01, 2.150690406560897827e-01
3.500000000000000000e+01, -5.500000000000000000e+01, 1.097829818725585938e+01, 3.527826964855194092e-01
4.500000000000000000e+01, -5.500000000000000000e+01, 1.077109527587890625e+01, 3.889566659927368164e-01
5.500000000000000000e+01, -5.500000000000000000e+01, 1.061744308471679688e+01, 3.204950392246246338e-01
6.500000000000000000e+01, -5.500000000000000000e+01, 1.053836631774902344e+01, 2.622398436069488525e-01
7.500000000000000000e+01, -5.500000000000000000e+01, 1.051654624938964844e+01, 2.663308978080749512e-01
8.500000000000000000e+01, -5.500000000000000000e+01, 1.046735000610351562e+01, 2.659489512443542480e-01
9.500000000000000000e+01, -5.500000000000000000e+01, 1.039261245727539062e+01, 2.532340884208679199e-01
1.050000000000000000e+02, -5.500000000000000000e+01, 1.028428745269775391e+01, 2.329231351613998413e-01
1.150000000000000000e+02, -5.500000000000000000e+01, 1.029638671875000000e+01, 1.296547204256057739e-01
1.250000000000000000e+02, -5.500000000000000000e+01, 1.032789230346679688e+01, 5.447771400213241577e-02
1.350000000000000000e+02, -5.500000000000000000e+01, 1.035088920593261719e+01, 2.544161677360534668e-02
1.450000000000000000e+02, -5.500000000000000000e+01, 1.044312858581542969e+01, 2.823338657617568970e-02
1.550000000000000000e+02, -5.500000000000000000e+01, 1.061374950408935547e+01, 4.542508348822593689e-02
1.650000000000000000e+02, -5.500000000000000000e+01, 1.080156993865966797e+01, 6.901881098747253418e-02
1.750000000000000000e+02, -5.500000000000000000e+01, 1.094602012634277344e+01, 1.472805887460708618e-01
1.850000000000000000e+02, -5.500000000000000000e+01, 1.104562568664550781e+01, 3.090381324291229248e-01
1.950000000000000000e+02, -5.500000000000000000e+01, 1.093217086791992188e+01, 3.072678148746490479e-01
-1.950000000000000000e+02, -4.500000000000000000e+01, 9.934933662414550781e+00, 1.722611784934997559e-01
-1.850000000000000000e+02, -4.500000000000000000e+01, 9.946009635925292969e+00, 2.056830227375030518e-01
-1.750000000000000000e+02, -4.500000000000000000e+01, 9.956352233886718750e+00, 2.330600023269653320e-01
-1.650000000000000000e+02, -4.500000000000000000e+01, 9.962658882141113281e+00, 2.542430460453033447e-01
-1.550000000000000000e+02, -4.500000000000000000e+01, 9.944338798522949219e+00, 2.687263786792755127e-01
-1.450000000000000000e+02, -4.500000000000000000e+01, 9.881677627563476562e+00, 2.944266796112060547e-01
-1.350000000000000000e+02, -4.500000000000000000e+01, 9.789813995361328125e+00, 4.914438128471374512e-01
-1.250000000000000000e+02, -4.500000000000000000e+01, nan, nan
-1.150000000000000000e+02, -4.500000000000000000e+01, nan, nan
-1.050000000000000000e+02, -4.500000000000000000e+01, 9.227517127990722656e+00, -6.777786016464233398e-01
-9.500000000000000000e+01, -4.500000000000000000e+01, 9.042147636413574219e+00, -7.457222938537597656e-01
-8.500000000000000000e+01, -4.500000000000000000e+01, 8.784159660339355469e+00, -8.972536325454711914e-01
-7.500000000000000000e+01, -4.500000000000000000e+01, 8.842558860778808594e+00, -9.727860689163208008e-01
-6.500000000000000000e+01, -4.500000000000000000e+01, 9.223703384399414062e+00, -1.008450388908386230e+00
-5.500000000000000000e+01, -4.500000000000000000e+01, 9.614652633666992188e+00, -9.967052340507507324e-01
-4.500000000000000000e+01, -4.500000000000000000e+01, 1.001081943511962891e+01, -9.328141808509826660e-01
-3.500000000000000000e+01, -4.500000000000000000e+01, 1.035374736785888672e+01, -7.862200736999511719e-01
-2.500000000000000000e+01, -4.500000000000000000e+01, 1.062683773040771484e+01, -5.492486953735351562e-01
-1.500000000000000000e+01, -4.500000000000000000e+01, 1.086141681671142578e+01, -2.801198959350585938e-01
-5.000000000000000000e+00, -4.500000000000000000e+01, 1.110154914855957031e+01, -2.109047770500183105e-02
5.000000000000000000e+00, -4.500000000000000000e+01, 1.127437973022460938e+01, 2.203384786844253540e-01
1.500000000000000000e+01, -4.500000000000000000e+01, 1.128456687927246094e+01, 4.064022302627563477e-01
2.500000000000000000e+01, -4.500000000000000000e+01, 1.115368652343750000e+01, 5.428889393806457520e-01
3.500000000000000000e+01, -4.500000000000000000e+01, 1.091802120208740234e+01, 6.697164773941040039e-01
4.500000000000000000e+01, -4.500000000000000000e+01, 1.069351959228515625e+01, 6.915714740753173828e-01
5.500000000000000000e+01, -4.500000000000000000e+01, 1.055992507934570312e+01, 5.881732106208801270e-01
6.500000000000000000e+01, -4.500000000000000000e+01, 1.045297718048095703e+01, 4.812158346176147461e-01
7.500000000000000000e+01, -4.500000000000000000e+01, 1.039564704895019531e+01, 4.602636992931365967e-01
8.500000000000000000e+01, -4.500000000000000000e+01, 1.033370971679687500e+01, 4.132682085037231445e-01
9.500000000000000000e+01, -4.500000000000000000e+01, 1.024660110473632812e+01, 3.630093932151794434e-01
1.050000000000000000e+02, -4.500000000000000000e+01, 1.018961715698242188e+01, 3.223128318786621094e-01
1.150000000000000000e+02, -4.500000000000000000e+01, 1.025532150268554688e+01, 2.160148322582244873e-01
1.250000000000000000e+02, -4.500000000000000000e+01, 1.031540298461914062e+01, 1.263534724712371826e-01
1.350000000000000000e+02, -4.500000000000000000e+01, 1.032586479187011719e+01, 7.821840047836303711e-02
1.450000000000000000e+02, -4.500000000000000000e+01, 1.036805438995361328e+01, 7.112576812505722046e-02
1.550000000000000000e+02, -4.500000000000000000e+01, 1.044353675842285156e+01, 9.199684113264083862e-02
1.650000000000000000e+02, -4.500000000000000000e+01, 1.048732662200927734e+01, 1.238736510276794434e-01
1.750000000000000000e+02, -4.500000000000000000e+01, 1.050724029541015625e+01, 1.886755675077438354e-01
1.850000000000000000e+02, -4.500000000000000000e+01, 1.074198055267333984e+01, 3.949899971485137939e-01
1.950000000000000000e+02, -4.500000000000000000e+01, 1.097675228118896484e+01, 4.944556951522827148e-01
-1.950000000000000000e+02, -3.500000000000000000e+01, 9.868297576904296875e+00, 2.688200175762176514e-01
-1.850000000000000000e+02, -3.500000000000000000e+01, 9.876990318298339844e+00, 2.991021871566772461e-01
-1.750000000000000000e+02, -3.500000000000000000e+01, 9.886883735656738281e+00, 3.269081413745880127e-01
-1.650000000000000000e+02, -3.500000000000000000e+01, 9.897640228271484375e+00, 3.526893258094787598e-01
-1.550000000000000000e+02, -3.500000000000000000e+01, 9.902220726013183594e+00, 3.723014295101165771e-01
-1.450000000000000000e+02, -3.500000000000000000e+01, 9.856588363647460938e+00, 3.925486207008361816e-01
-1.350000000000000000e+02, -3.500000000000000000e+01, 9.780602455139160156e+00, 4.750728011131286621e-01
-1.250000000000000000e+02, -3.500000000000000000e+01, nan, nan
-1.150000000000000000e+02, -3.500000000000000000e+01, nan, nan
-1.050000000000000000e+02, -3.500000000000000000e+01, 9.239729881286621094e+00, -3.327198624610900879e-01
-9.500000000000000000e+01, -3.500000000000000000e+01, 9.113449096679687500e+00, -6.352332830429077148e-01
-8.500000000000000000e+01, -3.500000000000000000e+01, 8.577916145324707031e+00, -1.129068255424499512e+00
-7.500000000000000000e+01, -3.500000000000000000e+01, 7.770349502563476562e+00, -1.089700937271118164e+00
-6.500000000000000000e+01, -3.500000000000000000e+01, 7.871838569641113281e+00, -1.079090833663940430e+00
-5.500000000000000000e+01, -3.500000000000000000e+01, 8.510411262512207031e+00, -1.137156009674072266e+00
-4.500000000000000000e+01, -3.500000000000000000e+01, 9.313343048095703125e+00, -1.168729543685913086e+00
-3.500000000000000000e+01, -3.500000000000000000e+01, 9.883246421813964844e+00, -9.229581952095031738e-01
-2.500000000000000000e+01, -3.500000000000000000e+01, 1.015972614288330078e+01, -5.092551112174987793e-01
-1.500000000000000000e+01, -3.500000000000000000e+01, 1.039948844909667969e+01, -9.507444500923156738e-02
-5.000000000000000000e+00, -3.500000000000000000e+01, 1.070753097534179688e+01, 2.522959113121032715e-01
5.000000000000000000e+00, -3.500000000000000000e+01, 1.096859169006347656e+01, 5.435628294944763184e-01
1.500000000000000000e+01, -3.500000000000000000e+01, 1.100483703613281250e+01, 7.826847434043884277e-01
2.500000000000000000e+01, -3.500000000000000000e+01, 1.078226470947265625e+01, 9.443114399909973145e-01
3.500000000000000000e+01, -3.500000000000000000e+01, 1.045976734161376953e+01, 1.076298832893371582e+00
4.500000000000000000e+01, -3.500000000000000000e+01, 1.027882099151611328e+01, 1.123953461647033691e+00
5.500000000000000000e+01, -3.500000000000000000e+01, 1.022741985321044922e+01, 1.000922322273254395e+00
6.500000000000000000e+01, -3.500000000000000000e+01, 1.007047653198242188e+01, 7.773779630661010742e-01
7.500000000000000000e+01, -3.500000000000000000e+01, 9.882819175720214844e+00, 6.643930673599243164e-01
8.500000000000000000e+01, -3.500000000000000000e+01, 9.763956069946289062e+00, 6.191891431808471680e-01
9.500000000000000000e+01, -3.500000000000000000e+01, 9.661341667175292969e+00, 5.152056217193603516e-01
1.050000000000000000e+02, -3.500000000000000000e+01, 9.684674263000488281e+00, 4.233750104904174805e-01
1.150000000000000000e+02, -3.500000000000000000e+01, 9.958052635192871094e+00, 3.495509028434753418e-01
1.250000000000000000e+02, -3.500000000000000000e+01, 1.012547302246093750e+01, 2.616942524909973145e-01
1.350000000000000000e+02, -3.500000000000000000e+01, 1.011074924468994141e+01, 1.799031347036361694e-01
1.450000000000000000e+02, -3.500000000000000000e+01, 1.004918289184570312e+01, 1.414692401885986328e-01
1.550000000000000000e+02, -3.500000000000000000e+01, 1.002437877655029297e+01, 1.443915665149688721e-01
1.650000000000000000e+02, -3.500000000000000000e+01, 9.981274604797363281e+00, 1.594543755054473877e-01
1.750000000000000000e+02, -3.500000000000000000e+01, 9.944650650024414062e+00, 1.935348212718963623e-01
1.850000000000000000e+02, -3.500000000000000000e+01, 1.026365089416503906e+01, 4.365801811218261719e-01
1.950000000000000000e+02, -3.500000000000000000e+01, 1.077273368835449219e+01, 5.850697755813598633e-01
-1.950000000000000000e+02, -2.500000000000000000e+01, 9.805894851684570312e+00, 3.589721918106079102e-01
-1.850000000000000000e+02, -2.500000000000000000e+01, 9.813683509826660156e+00, 3.870942294597625732e-01
-1.750000000000000000e+02, -2.500000000000000000e+01, 9.820837020874023438e+00, 4.210490882396697998e-01
-1.650000000000000000e+02, -2.500000000000000000e+01, 9.829860687255859375e+00, 4.634304642677307129e-01
-1.550000000000000000e+02, -2.500000000000000000e+01, 9.841415405273437500e+00, 5.150845050811767578e-01
-1.450000000000000000e+02, -2.500000000000000000e+01, 9.841673851013183594e+00, 5.739681720733642578e-01
-1.350000000000000000e+02, -2.500000000000000000e+01, 9.955177307128906250e+00, 8.694813251495361328e-01
-1.250000000000000000e+02, -2.500000000000000000e+01, 1.190104866027832031e+01, 4.497226238250732422e+00
-1.150000000000000000e+02, -2.500000000000000000e+01, 1.203577423095703125e+01, 4.391584396362304688e+00
-1.050000000000000000e+02, -2.500000000000000000e+01, 1.032480907440185547e+01, 2.713983535766601562e+00
-9.500000000000000000e+01, -2.500000000000000000e+01, 1.008853054046630859e+01, 2.085306167602539062e+00
-8.500000000000000000e+01, -2.500000000000000000e+01, 1.121167755126953125e+01, 1.420984268188476562e+00
-7.500000000000000000e+01, -2.500000000000000000e+01, 9.845715522766113281e+00, 3.351261019706726074e-01
-6.500000000000000000e+01, -2.500000000000000000e+01, 8.084711074829101562e+00, -4.887071549892425537e-01
-5.500000000000000000e+01, -2.500000000000000000e+01, 7.566057205200195312e+00, -8.738551735877990723e-01
-4.500000000000000000e+01, -2.500000000000000000e+01, 7.592100143432617188e+00, -9.063659906387329102e-01
-3.500000000000000000e+01, -2.500000000000000000e+01, 7.811377048492431641e+00, -6.328688263893127441e-01
-2.500000000000000000e+01, -2.500000000000000000e+01, 8.406658172607421875e+00, -2.883822917938232422e-01
-1.500000000000000000e+01, -2.500000000000000000e+01, 9.123099327087402344e+00, 1.932691335678100586e-01
-5.000000000000000000e+00, -2.500000000000000000e+01, 9.649793624877929688e+00, 6.210026741027832031e-01
5.000000000000000000e+00, -2.500000000000000000e+01, 9.779635429382324219e+00, 8.396975994110107422e-01
1.500000000000000000e+01, -2.500000000000000000e+01, 9.710807800292968750e+00, 1.053033590316772461e+00
2.500000000000000000e+01, -2.500000000000000000e+01, 9.478936195373535156e+00, 1.272521376609802246e+00
3.500000000000000000e+01, -2.500000000000000000e+01, 9.231287002563476562e+00, 1.460728168487548828e+00
4.500000000000000000e+01, -2.500000000000000000e+01, 9.228941917419433594e+00, 1.614313721656799316e+00
5.500000000000000000e+01, -2.500000000000000000e+01, 9.302106857299804688e+00, 1.523357033729553223e+00
6.500000000000000000e+01, -2.500000000000000000e+01, 9.238808631896972656e+00, 1.142498373985290527e+00
7.500000000000000000e+01, -2.500000000000000000e+01, 9.109715461730957031e+00, 8.176818490028381348e-01
8.500000000000000000e+01, -2.500000000000000000e+01, 8.965387344360351562e+00, 7.749084234237670898e-01
9.500000000000000000e+01, -2.500000000000000000e+01, 8.878557205200195312e+00, 5.993839502334594727e-01
1.050000000000000000e+02, -2.500000000000000000e+01, 8.958912849426269531e+00, 4.388622045516967773e-01
1.150000000000000000e+02, -2.500000000000000000e+01, 9.255171775817871094e+00, 3.860151171684265137e-01
1.250000000000000000e+02, -2.500000000000000000e+01, 9.495242118835449219e+00, 3.217593431472778320e-01
1.350000000000000000e+02, -2.500000000000000000e+01, 9.575496673583984375e+00, 2.163169384002685547e-01
1.450000000000000000e+02, -2.500000000000000000e+01, 9.560997009277343750e+00, 1.470613926649093628e-01
1.550000000000000000e+02, -2.500000000000000000e+01, 9.511600494384765625e+00, 1.278584897518157959e-01
1.650000000000000000e+02, -2.500000000000000000e+01, 9.429405212402343750e+00, 1.134976446628570557e-01
1.750000000000000000e+02, -2.500000000000000000e+01, 9.382924079895019531e+00, 1.154962778091430664e-01
1.850000000000000000e+02, -2.500000000000000000e+01, 9.746604919433593750e+00, 2.818328142166137695e-01
1.950000000000000000e+02, -2.500000000000000000e+01, 1.025032138824462891e+01, 4.868641197681427002e-01
-1.950000000000000000e+02, -1.500000000000000000e+01, 9.774846076965332031e+00, 4.294762313365936279e-01
-1.850000000000000000e+02, -1.500000000000000000e+01, 9.780657768249511719e+00, 4.614169001579284668e-01
-1.750000000000000000e+02, -1.500000000000000000e+01, 9.783410072326660156e+00, 5.070627331733703613e-01
-1.650000000000000000e+02, -1.500000000000000000e+01, 9.783286094665527344e+00, 5.735722780227661133e-01
-1.550000000000000000e+02, -1.500000000000000000e+01, 9.782074928283691406e+00, 6.655359864234924316e-01
-1.450000000000000000e+02, -1.500000000000000000e+01, 9.854239463806152344e+00, 9.475378990173339844e-01
-1.350000000000000000e+02, -1.500000000000000000e+01, 1.087338066101074219e+01, 2.534655332565307617e+00
-1.250000000000000000e+02, -1.500000000000000000e+01, 1.209641170501708984e+01, 3.959964275360107422e+00
-1.150000000000000000e+02, -1.500000000000000000e+01, 1.248058700561523438e+01, 5.917090892791748047e+00
-1.050000000000000000e+02, -1.500000000000000000e+01, 1.321474647521972656e+01, 5.861171245574951172e+00
-9.500000000000000000e+01, -1.500000000000000000e+01, 1.038162231445312500e+01, 2.370457172393798828e+00
-8.500000000000000000e+01, -1.500000000000000000e+01, 1.056138229370117188e+01, 1.577599406242370605e+00
-7.500000000000000000e+01, -1.500000000000000000e+01, 1.056030654907226562e+01, 8.670423030853271484e-01
-6.500000000000000000e+01, -1.500000000000000000e+01, 9.767465591430664062e+00, 6.220674514770507812e-02
-5.500000000000000000e+01, -1.500000000000000000e+01, 8.994176864624023438e+00, -5.126481652259826660e-01
-4.500000000000000000e+01, -1.500000000000000000e+01, 8.655450820922851562e+00, -7.399359345436096191e-01
-3.500000000000000000e+01, -1.500000000000000000e+01, 8.161027908325195312e+00, -6.974980831146240234e-01
-2.500000000000000000e+01, -1.500000000000000000e+01, 8.222343444824218750e+00, -3.846154808998107910e-01
-1.500000000000000000e+01, -1.500000000000000000e+01, 8.484042167663574219e+00, 1.870841979980468750e-01
-5.000000000000000000e+00, -1.500000000000000000e+01, 8.319850921630859375e+00, 7.193531990051269531e-01
5.000000000000000000e+00, -1.500000000000000000e+01, 7.794555664062500000e+00, 7.138061523437500000e-01
1.500000000000000000e+01, -1.500000000000000000e+01, 7.622472763061523438e+00, 7.811440229415893555e-01
2.500000000000000000e+01, -1.500000000000000000e+01, 7.431973457336425781e+00, 1.041765093803405762e+00
3.500000000000000000e+01, -1.500000000000000000e+01, 7.290427207946777344e+00, 1.338044285774230957e+00
4.500000000000000000e+01, -1.500000000000000000e+01, 7.568118572235107422e+00, 1.653692364692687988e+00
5.500000000000000000e+01, -1.500000000000000000e+01, 7.876489162445068359e+00, 1.690069556236267090e+00
6.500000000000000000e+01, -1.500000000000000000e+01, 8.021963119506835938e+00, 1.347000122070312500e+00
7.500000000000000000e+01, -1.500000000000000000e+01, 8.017982482910156250e+00, 1.030713558197021484e+00
8.500000000000000000e+01, -1.500000000000000000e+01, 7.949421882629394531e+00, 9.116690158843994141e-01
9.500000000000000000e+01, -1.500000000000000000e+01, 8.043847084045410156e+00, 6.384584903717041016e-01
1.050000000000000000e+02, -1.500000000000000000e+01, 8.286924362182617188e+00, 4.342172443866729736e-01
1.150000000000000000e+02, -1.500000000000000000e+01, 8.591010093688964844e+00, 3.447876274585723877e-01
1.250000000000000000e+02, -1.500000000000000000e+01, 8.852879524230957031e+00, 2.504328489303588867e-01
1.350000000000000000e+02, -1.500000000000000000e+01, 9.049071311950683594e+00, 1.384854167699813843e-01
1.450000000000000000e+02, -1.500000000000000000e+01, 9.138210296630859375e+00, 6.733621656894683838e-02
1.550000000000000000e+02, -1.500000000000000000e+01, 9.108078956604003906e+00, 3.703498840332031250e-02
1.650000000000000000e+02, -1.500000000000000000e+01, 9.104277610778808594e+00, 6.788998842239379883e-03
1.750000000000000000e+02, -1.500000000000000000e+01, 9.358003616333007812e+00, 1.725357770919799805e-02
1.850000000000000000e+02, -1.500000000000000000e+01, 9.949559211730957031e+00, 4.640543460845947266e-02
1.950000000000000000e+02, -1.500000000000000000e+01, 9.717867851257324219e+00, 9.623423218727111816e-02
-1.950000000000000000e+02, -5.000000000000000000e+00, 9.796085357666015625e+00, 4.739274382591247559e-01
-1.850000000000000000e+02, -5.000000000000000000e+00, 9.800151824951171875e+00, 5.150510072708129883e-01
-1.750000000000000000e+02, -5.000000000000000000e+00, 9.798271179199218750e+00, 5.760924816131591797e-01
-1.650000000000000000e+02, -5.000000000000000000e+00, 9.790857315063476562e+00, 6.660200357437133789e-01
-1.550000000000000000e+02, -5.000000000000000000e+00, 9.816578865051269531e+00, 8.400297760963439941e-01
-1.450000000000000000e+02, -5.000000000000000000e+00, 1.009694862365722656e+01, 1.404334664344787598e+00
-1.350000000000000000e+02, -5.000000000000000000e+00, 1.079144859313964844e+01, 2.341895580291748047e+00
-1.250000000000000000e+02, -5.000000000000000000e+00, 1.150370216369628906e+01, 3.311554431915283203e+00
-1.150000000000000000e+02, -5.000000000000000000e+00, 1.179129791259765625e+01, 4.620952129364013672e+00
-1.050000000000000000e+02, -5.000000000000000000e+00, 1.249832725524902344e+01, 4.659435749053955078e+00
-9.500000000000000000e+01, -5.000000000000000000e+00, 1.176615810394287109e+01, 3.183456182479858398e+00
-8.500000000000000000e+01, -5.000000000000000000e+00, 9.500205993652343750e+00, 1.382485747337341309e+00
-7.500000000000000000e+01, -5.000000000000000000e+00, 8.817481994628906250e+00, 5.477776527404785156e-01
-6.500000000000000000e+01, -5.000000000000000000e+00, 8.862246513366699219e+00, 9.674906730651855469e-02
-5.500000000000000000e+01, -5.000000000000000000e+00, 8.577939987182617188e+00, -3.109791278839111328e-01
-4.500000000000000000e+01, -5.000000000000000000e+00, 8.445436477661132812e+00, -5.247263908386230469e-01
-3.500000000000000000e+01, -5.000000000000000000e+00, 8.297013282775878906e+00, -4.959704577922821045e-01
-2.500000000000000000e+01, -5.000000000000000000e+00, 8.078855514526367188e+00, -2.775187790393829346e-01
-1.500000000000000000e+01, -5.000000000000000000e+00, 7.569150924682617188e+00, 8.375275135040283203e-02
-5.000000000000000000e+00, -5.000000000000000000e+00, 6.700261116027832031e+00, 2.866792678833007812e-01
5.000000000000000000e+00, -5.000000000000000000e+00, 6.111550331115722656e+00, 9.641641378402709961e-02
1.500000000000000000e+01, -5.000000000000000000e+00, 6.065321445465087891e+00, -4.919230937957763672e-03
2.500000000000000000e+01, -5.000000000000000000e+00, 6.039893150329589844e+00, 1.346317678689956665e-01
3.500000000000000000e+01, -5.000000000000000000e+00, 6.181310176849365234e+00, 3.307567536830902100e-01
4.500000000000000000e+01, -5.000000000000000000e+00, 6.546237468719482422e+00, 6.533663272857666016e-01
5.500000000000000000e+01, -5.000000000000000000e+00, 6.879410743713378906e+00, 8.781177997589111328e-01
6.500000000000000000e+01, -5.000000000000000000e+00, 7.088687896728515625e+00, 7.726038694381713867e-01
7.500000000000000000e+01, -5.000000000000000000e+00, 7.089313030242919922e+00, 5.867427587509155273e-01
8.500000000000000000e+01, -5.000000000000000000e+00, 7.059285640716552734e+00, 5.013660788536071777e-01
9.500000000000000000e+01, -5.000000000000000000e+00, 7.261400222778320312e+00, 4.132374525070190430e-01
1.050000000000000000e+02, -5.000000000000000000e+00, 7.677612781524658203e+00, 3.327231705188751221e-01
1.150000000000000000e+02, -5.000000000000000000e+00, 8.127650260925292969e+00, 2.330385148525238037e-01
1.250000000000000000e+02, -5.000000000000000000e+00, 8.473649024963378906e+00, 1.244032382965087891e-01
1.350000000000000000e+02, -5.000000000000000000e+00, 8.743030548095703125e+00, 1.566863059997558594e-02
1.450000000000000000e+02, -5.000000000000000000e+00, 8.886814117431640625e+00, -5.562531948089599609e-02
1.550000000000000000e+02, -5.000000000000000000e+00, 8.928163528442382812e+00, -8.227698504924774170e-02
1.650000000000000000e+02, -5.000000000000000000e+00, 9.124484062194824219e+00, -6.330204010009765625e-02
1.750000000000000000e+02, -5.000000000000000000e+00, 9.722882270812988281e+00, 4.931703582406044006e-02
1.850000000000000000e+02, -5.000000000000000000e+00, 1.048499202728271484e+01, 1.444767117500305176e-01
1.950000000000000000e+02, -5.000000000000000000e+00, 1.072480106353759766e+01, 1.339770853519439697e-01
-1.950000000000000000e+02, 5.000000000000000000e+00, 9.869245529174804688e+00, 4.976995885372161865e-01
-1.850000000000000000e+02, 5.000000000000000000e+00, 9.868625640869140625e+00, 5.514885783195495605e-01
-1.750000000000000000e+02, 5.000000000000000000e+00, 9.862024307250976562e+00, 6.283510327339172363e-01
-1.650000000000000000e+02, 5.000000000000000000e+00, 9.868851661682128906e+00, 7.467441558837890625e-01
-1.550000000000000000e+02, 5.000000000000000000e+00, 9.944900512695312500e+00, 1.033487081527709961e+00
-1.450000000000000000e+02, 5.000000000000000000e+00, 1.012688827514648438e+01, 1.449494004249572754e+00
-1.350000000000000000e+02, 5.000000000000000000e+00, 1.056405162811279297e+01, 2.099634647369384766e+00
-1.250000000000000000e+02, 5.000000000000000000e+00, 1.101456737518310547e+01, 2.758934020996093750e+00
-1.150000000000000000e+02, 5.000000000000000000e+00, 1.136044311523437500e+01, 3.489811897277832031e+00
-1.050000000000000000e+02, 5.000000000000000000e+00, 1.199119377136230469e+01, 3.723526000976562500e+00
-9.500000000000000000e+01, 5.000000000000000000e+00, 1.229510021209716797e+01, 3.121425867080688477e+00
-8.500000000000000000e+01, 5.000000000000000000e+00, 1.140959930419921875e+01, 1.917849779129028320e+00
-7.500000000000000000e+01, 5.000000000000000000e+00, 9.545730590820312500e+00, 6.578027009963989258e-01
-6.500000000000000000e+01, 5.000000000000000000e+00, 7.156370162963867188e+00, -3.445796370506286621e-01
-5.500000000000000000e+01, 5.000000000000000000e+00, 5.181580066680908203e+00, -8.717261552810668945e-01
-4.500000000000000000e+01, 5.000000000000000000e+00, 4.473101615905761719e+00, -8.920846581459045410e-01
-3.500000000000000000e+01, 5.000000000000000000e+00, 4.860736846923828125e+00, -6.353585720062255859e-01
-2.500000000000000000e+01, 5.000000000000000000e+00, 5.587934494018554688e+00, -4.152323007583618164e-01
-1.500000000000000000e+01, 5.000000000000000000e+00, 5.948324680328369141e+00, -3.736684918403625488e-01
-5.000000000000000000e+00, 5.000000000000000000e+00, 5.838353157043457031e+00, -5.324293971061706543e-01
5.000000000000000000e+00, 5.000000000000000000e+00, 5.833897590637207031e+00, -8.363580703735351562e-01
1.500000000000000000e+01, 5.000000000000000000e+00, 6.123574256896972656e+00, -1.133107781410217285e+00
2.500000000000000000e+01, 5.000000000000000000e+00, 6.458158493041992188e+00, -1.208879232406616211e+00
3.500000000000000000e+01, 5.000000000000000000e+00, 6.876470565795898438e+00, -9.721845984458923340e-01
4.500000000000000000e+01, 5.000000000000000000e+00, 7.157615661621093750e+00, -6.660318374633789062e-01
5.500000000000000000e+01, 5.000000000000000000e+00, 7.301664352416992188e+00, -4.597485065460205078e-01
6.500000000000000000e+01, 5.000000000000000000e+00, 7.328085422515869141e+00, -3.923547267913818359e-01
7.500000000000000000e+01, 5.000000000000000000e+00, 7.301593780517578125e+00, -4.336633682250976562e-01
8.500000000000000000e+01, 5.000000000000000000e+00, 7.350621223449707031e+00, -3.430451154708862305e-01
9.500000000000000000e+01, 5.000000000000000000e+00, 7.559776782989501953e+00, -1.734446287155151367e-01
1.050000000000000000e+02, 5.000000000000000000e+00, 7.851196765899658203e+00, -1.632130146026611328e-02
1.150000000000000000e+02, 5.000000000000000000e+00, 8.150770187377929688e+00, 2.104216814041137695e-02
1.250000000000000000e+02, 5.000000000000000000e+00, 8.410141944885253906e+00, -4.505464434623718262e-02
1.350000000000000000e+02, 5.000000000000000000e+00, 8.632326126098632812e+00, -1.335597634315490723e-01
1.450000000000000000e+02, 5.000000000000000000e+00, 8.805899620056152344e+00, -2.070705592632293701e-01
1.550000000000000000e+02, 5.000000000000000000e+00, 8.907808303833007812e+00, -1.995437592267990112e-01
1.650000000000000000e+02, 5.000000000000000000e+00, 9.073731422424316406e+00, -1.001544594764709473e-01
1.750000000000000000e+02, 5.000000000000000000e+00, 9.375898361206054688e+00, 9.901690483093261719e-02
1.850000000000000000e+02, 5.000000000000000000e+00, 9.699728012084960938e+00, 2.752900719642639160e-01
1.950000000000000000e+02, 5.000000000000000000e+00, 9.388866424560546875e+00, 2.136105597019195557e-01
-1.950000000000000000e+02, 1.500000000000000000e+01, 9.945147514343261719e+00, 5.202289819717407227e-01
-1.850000000000000000e+02, 1.500000000000000000e+01, 9.951079368591308594e+00, 5.743844509124755859e-01
-1.750000000000000000e+02, 1.500000000000000000e+01, 9.950152397155761719e+00, 6.581386327743530273e-01
-1.650000000000000000e+02, 1.500000000000000000e+01, 9.985644340515136719e+00, 8.259072303771972656e-01
-1.550000000000000000e+02, 1.500000000000000000e+01, 9.999613761901855469e+00, 1.122693300247192383e+00
-1.450000000000000000e+02, 1.500000000000000000e+01, 1.001379203796386719e+01, 1.439887046813964844e+00
-1.350000000000000000e+02, 1.500000000000000000e+01, 1.023793983459472656e+01, 1.893212437629699707e+00
-1.250000000000000000e+02, 1.500000000000000000e+01, 1.058014202117919922e+01, 2.438878536224365234e+00
-1.150000000000000000e+02, 1.500000000000000000e+01, 1.101624107360839844e+01, 2.999813795089721680e+00
-1.050000000000000000e+02, 1.500000000000000000e+01, 1.166526317596435547e+01, 3.201851844787597656e+00
-9.500000000000000000e+01, 1.500000000000000000e+01, 1.225916576385498047e+01, 2.890946149826049805e+00
-8.500000000000000000e+01, 1.500000000000000000e+01, 1.233845710754394531e+01, 2.189181089401245117e+00
-7.500000000000000000e+01, 1.500000000000000000e+01, 1.155950164794921875e+01, 1.319845199584960938e+00
-6.500000000000000000e+01, 1.500000000000000000e+01, 1.004602909088134766e+01, 4.216750264167785645e-01
-5.500000000000000000e+01, 1.500000000000000000e+01, 8.568845748901367188e+00, -2.696002721786499023e-01
-4.500000000000000000e+01, 1.500000000000000000e+01, 7.729456424713134766e+00, -5.940567255020141602e-01
-3.500000000000000000e+01, 1.500000000000000000e+01, 7.365697860717773438e+00, -7.841992378234863281e-01
-2.500000000000000000e+01, 1.500000000000000000e+01, 7.391571998596191406e+00, -9.264343976974487305e-01
-1.500000000000000000e+01, 1.500000000000000000e+01, 7.485554218292236328e+00, -1.046904087066650391e+00
-5.000000000000000000e+00, 1.500000000000000000e+01, 7.574653625488281250e+00, -1.206898093223571777e+00
5.000000000000000000e+00, 1.500000000000000000e+01, 7.838751792907714844e+00, -1.549692869186401367e+00
1.500000000000000000e+01, 1.500000000000000000e+01, 8.204617500305175781e+00, -1.971790313720703125e+00
2.500000000000000000e+01, 1.500000000000000000e+01, 8.385886192321777344e+00, -2.140326976776123047e+00
3.500000000000000000e+01, 1.500000000000000000e+01, 8.423497200012207031e+00, -1.960434794425964355e+00
4.500000000000000000e+01, 1.500000000000000000e+01, 8.470891952514648438e+00, -1.669533252716064453e+00
5.500000000000000000e+01, 1.500000000000000000e+01, 8.459246635437011719e+00, -1.404824733734130859e+00
6.500000000000000000e+01, 1.500000000000000000e+01, 8.385934829711914062e+00, -1.236851334571838379e+00
7.500000000000000000e+01, 1.500000000000000000e+01, 8.342209815979003906e+00, -1.068489313125610352e+00
8.500000000000000000e+01, 1.500000000000000000e+01, 8.391588211059570312e+00, -8.042974472045898438e-01
9.500000000000000000e+01, 1.500000000000000000e+01, 8.477447509765625000e+00, -5.411954522132873535e-01
1.050000000000000000e+02, 1.500000000000000000e+01, 8.607151985168457031e+00, -3.546226322650909424e-01
1.150000000000000000e+02, 1.500000000000000000e+01, 8.770021438598632812e+00, -2.600265443325042725e-01
1.250000000000000000e+02, 1.500000000000000000e+01, 8.922877311706542969e+00, -2.601212859153747559e-01
1.350000000000000000e+02, 1.500000000000000000e+01, 9.070402145385742188e+00, -3.019718527793884277e-01
1.450000000000000000e+02, 1.500000000000000000e+01, 9.173728942871093750e+00, -3.351852595806121826e-01
1.550000000000000000e+02, 1.500000000000000000e+01, 9.232073783874511719e+00, -2.937380969524383545e-01
1.650000000000000000e+02, 1.500000000000000000e+01, 9.272042274475097656e+00, -1.843133866786956787e-01
1.750000000000000000e+02, 1.500000000000000000e+01, 9.265675544738769531e+00, -2.737564593553543091e-02
1.850000000000000000e+02, 1.500000000000000000e+01, 9.322980880737304688e+00, 1.324454843997955322e-01
1.950000000000000000e+02, 1.500000000000000000e+01, 9.510856628417968750e+00, 1.565575003623962402e-01
-1.950000000000000000e+02, 2.500000000000000000e+01, 1.000716114044189453e+01, 5.314437150955200195e-01
-1.850000000000000000e+02, 2.500000000000000000e+01, 1.003680706024169922e+01, 5.707605481147766113e-01
-1.750000000000000000e+02, 2.500000000000000000e+01, 1.006838417053222656e+01, 6.472218036651611328e-01
-1.650000000000000000e+02, 2.500000000000000000e+01, 1.005735874176025391e+01, 8.919891715049743652e-01
-1.550000000000000000e+02, 2.500000000000000000e+01, 9.966370582580566406e+00, 1.151267766952514648e+00
-1.450000000000000000e+02, 2.500000000000000000e+01, 9.947210311889648438e+00, 1.390783190727233887e+00
-1.350000000000000000e+02, 2.500000000000000000e+01, 1.007380867004394531e+01, 1.691613554954528809e+00
-1.250000000000000000e+02, 2.500000000000000000e+01, 1.035255622863769531e+01, 2.058006525039672852e+00
-1.150000000000000000e+02, 2.500000000000000000e+01, 1.079166316986083984e+01, 2.382718086242675781e+00
-1.050000000000000000e+02, 2.500000000000000000e+01, 1.137436676025390625e+01, 2.530313253402709961e+00
-9.500000000000000000e+01, 2.500000000000000000e+01, 1.194467353820800781e+01, 2.449887990951538086e+00
-8.500000000000000000e+01, 2.500000000000000000e+01, 1.229124450683593750e+01, 2.199722051620483398e+00
-7.500000000000000000e+01, 2.500000000000000000e+01, 1.219551181793212891e+01, 1.808439850807189941e+00
-6.500000000000000000e+01, 2.500000000000000000e+01, 1.166574954986572266e+01, 1.255310535430908203e+00
-5.500000000000000000e+01, 2.500000000000000000e+01, 1.105068683624267578e+01, 6.491788625717163086e-01
-4.500000000000000000e+01, 2.500000000000000000e+01, 1.062834262847900391e+01, 1.294394135475158691e-01
-3.500000000000000000e+01, 2.500000000000000000e+01, 1.035001087188720703e+01, -3.166930079460144043e-01
-2.500000000000000000e+01, 2.500000000000000000e+01, 1.011849784851074219e+01, -7.025387287139892578e-01
-1.500000000000000000e+01, 2.500000000000000000e+01, 9.941623687744140625e+00, -9.354411363601684570e-01
-5.000000000000000000e+00, 2.500000000000000000e+01, 9.930500984191894531e+00, -1.166488289833068848e+00
5.000000000000000000e+00, 2.500000000000000000e+01, 1.012549018859863281e+01, -1.510304927825927734e+00
1.500000000000000000e+01, 2.500000000000000000e+01, 1.033371162414550781e+01, -1.867832541465759277e+00
2.500000000000000000e+01, 2.500000000000000000e+01, 1.034883308410644531e+01, -2.073284864425659180e+00
3.500000000000000000e+01, 2.500000000000000000e+01, 1.019986724853515625e+01, -2.070296764373779297e+00
4.500000000000000000e+01, 2.500000000000000000e+01, 9.995465278625488281e+00, -1.911039829254150391e+00
5.500000000000000000e+01, 2.500000000000000000e+01, 9.791294097900390625e+00, -1.688246846199035645e+00
6.500000000000000000e+01, 2.500000000000000000e+01, 9.597803115844726562e+00, -1.471263766288757324e+00
7.500000000000000000e+01, 2.500000000000000000e+01, 9.487007141113281250e+00, -1.267262458801269531e+00
8.500000000000000000e+01, 2.500000000000000000e+01, 9.438774108886718750e+00, -1.040786743164062500e+00
9.500000000000000000e+01, 2.500000000000000000e+01, 9.409436225891113281e+00, -8.122448325157165527e-01
1.050000000000000000e+02, 2.500000000000000000e+01, 9.449744224548339844e+00, -6.329718232154846191e-01
1.150000000000000000e+02, 2.500000000000000000e+01, 9.544434547424316406e+00, -5.122056007385253906e-01
1.250000000000000000e+02, 2.500000000000000000e+01, 9.646277427673339844e+00, -4.503943920135498047e-01
1.350000000000000000e+02, 2.500000000000000000e+01, 9.725639343261718750e+00, -4.181036353111267090e-01
1.450000000000000000e+02, 2.500000000000000000e+01, 9.762153625488281250e+00, -3.864067494869232178e-01
1.550000000000000000e+02, 2.500000000000000000e+01, 9.786006927490234375e+00, -3.277245759963989258e-01
1.650000000000000000e+02, 2.500000000000000000e+01, 9.794051170349121094e+00, -2.382961213588714600e-01
1.750000000000000000e+02, 2.500000000000000000e+01, 9.777333259582519531e+00, -1.249084323644638062e-01
1.850000000000000000e+02, 2.500000000000000000e+01, 9.818432807922363281e+00, 3.314461559057235718e-02
1.950000000000000000e+02, 2.500000000000000000e+01, 9.985079765319824219e+00, 1.644117534160614014e-01
-1.950000000000000000e+02, 3.500000000000000000e+01, 1.006681346893310547e+01, 5.333085656166076660e-01
-1.850000000000000000e+02, 3.500000000000000000e+01, 1.011234188079833984e+01, 5.575184226036071777e-01
-1.750000000000000000e+02, 3.500000000000000000e+01, 1.012038707733154297e+01, 6.802700161933898926e-01
-1.650000000000000000e+02, 3.500000000000000000e+01, 1.004957962036132812e+01, 9.129842519760131836e-01
-1.550000000000000000e+02, 3.500000000000000000e+01, 9.977113723754882812e+00, 1.112001776695251465e+00
-1.450000000000000000e+02, 3.500000000000000000e+01, 9.978175163269042969e+00, 1.313460588455200195e+00
-1.350000000000000000e+02, 3.500000000000000000e+01, 1.009317493438720703e+01, 1.539950609207153320e+00
-1.250000000000000000e+02, 3.500000000000000000e+01, 1.034237861633300781e+01, 1.775379180908203125e+00
-1.150000000000000000e+02, 3.500000000000000000e+01, 1.072998332977294922e+01, 1.925049662590026855e+00
-1.050000000000000000e+02, 3.500000000000000000e+01, 1.122415637969970703e+01, 1.988702774047851562e+00
-9.500000000000000000e+01, 3.500000000000000000e+01, 1.169554042816162109e+01, 2.013484954833984375e+00
-8.500000000000000000e+01, 3.500000000000000000e+01, 1.204355716705322266e+01, 2.022698879241943359e+00
-7.500000000000000000e+01, 3.500000000000000000e+01, 1.218284606933593750e+01, 1.924598574638366699e+00
-6.500000000000000000e+01, 3.500000000000000000e+01, 1.209040546417236328e+01, 1.632330417633056641e+00
-5.500000000000000000e+01, 3.500000000000000000e+01, 1.194773101806640625e+01, 1.236581087112426758e+00
-4.500000000000000000e+01, 3.500000000000000000e+01, 1.184636592864990234e+01, 8.029949069023132324e-01
-3.500000000000000000e+01, 3.500000000000000000e+01, 1.179564094543457031e+01, 3.570145666599273682e-01
-2.500000000000000000e+01, 3.500000000000000000e+01, 1.174731445312500000e+01, -7.651710510253906250e-02
-1.500000000000000000e+01, 3.500000000000000000e+01, 1.170629215240478516e+01, -4.560601711273193359e-01
-5.000000000000000000e+00, 3.500000000000000000e+01, 1.173814296722412109e+01, -8.062664270401000977e-01
5.000000000000000000e+00, 3.500000000000000000e+01, 1.182007217407226562e+01, -1.148353457450866699e+00
1.500000000000000000e+01, 3.500000000000000000e+01, 1.183970737457275391e+01, -1.398628711700439453e+00
2.500000000000000000e+01, 3.500000000000000000e+01, 1.172903919219970703e+01, -1.507829785346984863e+00
3.500000000000000000e+01, 3.500000000000000000e+01, 1.148790264129638672e+01, -1.561772465705871582e+00
4.500000000000000000e+01, 3.500000000000000000e+01, 1.112407302856445312e+01, -1.555592536926269531e+00
5.500000000000000000e+01, 3.500000000000000000e+01, 1.077766895294189453e+01, -1.457963466644287109e+00
6.500000000000000000e+01, 3.500000000000000000e+01, 1.051833724975585938e+01, -1.324713110923767090e+00
7.500000000000000000e+01, 3.500000000000000000e+01, 1.038070106506347656e+01, -1.197927117347717285e+00
8.500000000000000000e+01, 3.500000000000000000e+01, 1.031065273284912109e+01, -1.063049554824829102e+00
9.500000000000000000e+01, 3.500000000000000000e+01, 1.026312351226806641e+01, -9.056404829025268555e-01
1.050000000000000000e+02, 3.500000000000000000e+01, 1.024720764160156250e+01, -7.556058764457702637e-01
1.150000000000000000e+02, 3.500000000000000000e+01, 1.024543094635009766e+01, -6.244020462036132812e-01
1.250000000000000000e+02, 3.500000000000000000e+01, 1.025353527069091797e+01, -5.096768140792846680e-01
1.350000000000000000e+02, 3.500000000000000000e+01, 1.026811790466308594e+01, -4.196656346321105957e-01
1.450000000000000000e+02, 3.500000000000000000e+01, 1.029668521881103516e+01, -3.557540774345397949e-01
1.550000000000000000e+02, 3.500000000000000000e+01, 1.033362388610839844e+01, -2.983548939228057861e-01
1.650000000000000000e+02, 3.500000000000000000e+01, 1.036792182922363281e+01, -2.334570586681365967e-01
1.750000000000000000e+02, 3.500000000000000000e+01, 1.038330078125000000e+01, -1.328769177198410034e-01
1.850000000000000000e+02, 3.500000000000000000e+01, 1.030485057830810547e+01, 4.925961047410964966e-02
1.950000000000000000e+02, 3.500000000000000000e+01, 9.907225608825683594e+00, 1.518234312534332275e-01
-1.950000000000000000e+02, 4.500000000000000000e+01, 1.012832164764404297e+01, 5.313971638679504395e-01
-1.850000000000000000e+02, 4.500000000000000000e+01, 1.017443561553955078e+01, 5.718194246292114258e-01
-1.750000000000000000e+02, 4.500000000000000000e+01, 1.013519954681396484e+01, 7.224271893501281738e-01
-1.650000000000000000e+02, 4.500000000000000000e+01, 1.006591510772705078e+01, 8.994061946868896484e-01
-1.550000000000000000e+02, 4.500000000000000000e+01, 1.003316020965576172e+01, 1.050916433334350586e+00
-1.450000000000000000e+02, 4.500000000000000000e+01, 1.008362102508544922e+01, 1.203821420669555664e+00
-1.350000000000000000e+02, 4.500000000000000000e+01, 1.022813796997070312e+01, 1.361757993698120117e+00
-1.250000000000000000e+02, 4.500000000000000000e+01, 1.044533061981201172e+01, 1.507040858268737793e+00
-1.150000000000000000e+02, 4.500000000000000000e+01, 1.075498199462890625e+01, 1.574903130531311035e+00
-1.050000000000000000e+02, 4.500000000000000000e+01, 1.115946578979492188e+01, 1.592696547508239746e+00
-9.500000000000000000e+01, 4.500000000000000000e+01, 1.151386356353759766e+01, 1.620177030563354492e+00
-8.500000000000000000e+01, 4.500000000000000000e+01, 1.179790496826171875e+01, 1.721346497535705566e+00
-7.500000000000000000e+01, 4.500000000000000000e+01, 1.202604579925537109e+01, 1.812778830528259277e+00
-6.500000000000000000e+01, 4.500000000000000000e+01, 1.206283664703369141e+01, 1.705197215080261230e+00
-5.500000000000000000e+01, 4.500000000000000000e+01, 1.201144790649414062e+01, 1.441088199615478516e+00
-4.500000000000000000e+01, 4.500000000000000000e+01, 1.199751186370849609e+01, 1.127534627914428711e+00
-3.500000000000000000e+01, 4.500000000000000000e+01, 1.208094310760498047e+01, 7.588739991188049316e-01
-2.500000000000000000e+01, 4.500000000000000000e+01, 1.221357536315917969e+01, 3.170141279697418213e-01
-1.500000000000000000e+01, 4.500000000000000000e+01, 1.231938743591308594e+01, -1.239441335201263428e-01
-5.000000000000000000e+00, 4.500000000000000000e+01, 1.241149806976318359e+01, -5.078809261322021484e-01
5.000000000000000000e+00, 4.500000000000000000e+01, 1.246252155303955078e+01, -8.273748159408569336e-01
1.500000000000000000e+01, 4.500000000000000000e+01, 1.241052818298339844e+01, -1.001197814941406250e+00
2.500000000000000000e+01, 4.500000000000000000e+01, 1.230857658386230469e+01, -9.989712238311767578e-01
3.500000000000000000e+01, 4.500000000000000000e+01, 1.214961719512939453e+01, -1.042597532272338867e+00
4.500000000000000000e+01, 4.500000000000000000e+01, 1.179369640350341797e+01, -1.171105742454528809e+00
5.500000000000000000e+01, 4.500000000000000000e+01, 1.137689113616943359e+01, -1.190568327903747559e+00
6.500000000000000000e+01, 4.500000000000000000e+01, 1.107446861267089844e+01, -1.120539546012878418e+00
7.500000000000000000e+01, 4.500000000000000000e+01, 1.091778850555419922e+01, -1.029814481735229492e+00
8.500000000000000000e+01, 4.500000000000000000e+01, 1.083564662933349609e+01, -9.285926818847656250e-01
9.500000000000000000e+01, 4.500000000000000000e+01, 1.076500606536865234e+01, -8.043341040611267090e-01
1.050000000000000000e+02, 4.500000000000000000e+01, 1.067159461975097656e+01, -6.642955541610717773e-01
1.150000000000000000e+02, 4.500000000000000000e+01, 1.055796527862548828e+01, -5.300393700599670410e-01
1.250000000000000000e+02, 4.500000000000000000e+01, 1.049792194366455078e+01, -4.171209931373596191e-01
1.350000000000000000e+02, 4.500000000000000000e+01, 1.054189300537109375e+01, -3.300127089023590088e-01
1.450000000000000000e+02, 4.500000000000000000e+01, 1.065097045898437500e+01, -2.648386359214782715e-01
1.550000000000000000e+02, 4.500000000000000000e+01, 1.076173305511474609e+01, -2.162284553050994873e-01
1.650000000000000000e+02, 4.500000000000000000e+01, 1.078792476654052734e+01, -1.535936892032623291e-01
1.750000000000000000e+02, 4.500000000000000000e+01, 1.069624233245849609e+01, -5.890030786395072937e-02
1.850000000000000000e+02, 4.500000000000000000e+01, 1.006633090972900391e+01, 1.301981508731842041e-01
1.950000000000000000e+02, 4.500000000000000000e+01, 9.897585868835449219e+00, -1.661129295825958252e-03
-1.950000000000000000e+02, 5.500000000000000000e+01, 1.011372566223144531e+01, 6.213752031326293945e-01
-1.850000000000000000e+02, 5.500000000000000000e+01, 1.015257358551025391e+01, 6.475095152854919434e-01
-1.750000000000000000e+02, 5.500000000000000000e+01, 1.012196826934814453e+01, 7.793940305709838867e-01
-1.650000000000000000e+02, 5.500000000000000000e+01, 1.009395599365234375e+01, 8.950456380844116211e-01
-1.550000000000000000e+02, 5.500000000000000000e+01, 1.011824703216552734e+01, 9.928599596023559570e-01
-1.450000000000000000e+02, 5.500000000000000000e+01, 1.023190021514892578e+01, 1.073295593261718750e+00
-1.350000000000000000e+02, 5.500000000000000000e+01, 1.040728092193603516e+01, 1.145540714263916016e+00
-1.250000000000000000e+02, 5.500000000000000000e+01, 1.060095977783203125e+01, 1.226528167724609375e+00
-1.150000000000000000e+02, 5.500000000000000000e+01, 1.085206890106201172e+01, 1.270854949951171875e+00
-1.050000000000000000e+02, 5.500000000000000000e+01, 1.115646648406982422e+01, 1.285136103630065918e+00
-9.500000000000000000e+01, 5.500000000000000000e+01, 1.133188247680664062e+01, 1.323476314544677734e+00
-8.500000000000000000e+01, 5.500000000000000000e+01, 1.153933238983154297e+01, 1.440393686294555664e+00
-7.500000000000000000e+01, 5.500000000000000000e+01, 1.185190391540527344e+01, 1.649334192276000977e+00
-6.500000000000000000e+01, 5.500000000000000000e+01, 1.196021938323974609e+01, 1.703302621841430664e+00
-5.500000000000000000e+01, 5.500000000000000000e+01, 1.191891002655029297e+01, 1.517756938934326172e+00
-4.500000000000000000e+01, 5.500000000000000000e+01, 1.190217590332031250e+01, 1.203711748123168945e+00
-3.500000000000000000e+01, 5.500000000000000000e+01, 1.193874263763427734e+01, 7.859312295913696289e-01
-2.500000000000000000e+01, 5.500000000000000000e+01, 1.199705028533935547e+01, 3.303484320640563965e-01
-1.500000000000000000e+01, 5.500000000000000000e+01, 1.206705188751220703e+01, -7.786718010902404785e-02
-5.000000000000000000e+00, 5.500000000000000000e+01, 1.213889026641845703e+01, -4.211148023605346680e-01
5.000000000000000000e+00, 5.500000000000000000e+01, 1.214125823974609375e+01, -7.090675830841064453e-01
1.500000000000000000e+01, 5.500000000000000000e+01, 1.202538013458251953e+01, -8.728094100952148438e-01
2.500000000000000000e+01, 5.500000000000000000e+01, 1.190470218658447266e+01, -8.500815629959106445e-01
3.500000000000000000e+01, 5.500000000000000000e+01, 1.188717842102050781e+01, -7.809438109397888184e-01
4.500000000000000000e+01, 5.500000000000000000e+01, 1.191512775421142578e+01, -8.582918643951416016e-01
5.500000000000000000e+01, 5.500000000000000000e+01, 1.170463371276855469e+01, -9.770745635032653809e-01
6.500000000000000000e+01, 5.500000000000000000e+01, 1.137550640106201172e+01, -9.583096504211425781e-01
7.500000000000000000e+01, 5.500000000000000000e+01, 1.118215465545654297e+01, -8.735569715499877930e-01
8.500000000000000000e+01, 5.500000000000000000e+01, 1.105253219604492188e+01, -7.618100643157958984e-01
9.500000000000000000e+01, 5.500000000000000000e+01, 1.092826366424560547e+01, -6.321729421615600586e-01
1.050000000000000000e+02, 5.500000000000000000e+01, 1.076128673553466797e+01, -4.916059672832489014e-01
1.150000000000000000e+02, 5.500000000000000000e+01, 1.056142139434814453e+01, -3.546047508716583252e-01
1.250000000000000000e+02, 5.500000000000000000e+01, 1.044518470764160156e+01, -2.694383859634399414e-01
1.350000000000000000e+02, 5.500000000000000000e+01, 1.051592636108398438e+01, -2.061189413070678711e-01
1.450000000000000000e+02, 5.500000000000000000e+01, 1.063149356842041016e+01, -1.237738728523254395e-01
1.550000000000000000e+02, 5.500000000000000000e+01, 1.068751621246337891e+01, -7.065454125404357910e-02
1.650000000000000000e+02, 5.500000000000000000e+01, 1.064046859741210938e+01, -3.849454224109649658e-02
1.750000000000000000e+02, 5.500000000000000000e+01, 1.037086963653564453e+01, -5.959957838058471680e-03
1.850000000000000000e+02, 5.500000000000000000e+01, 1.002169036865234375e+01, -2.497173845767974854e-02
1.950000000000000000e+02, 5.500000000000000000e+01, 9.985679626464843750e+00, -1.685946583747863770e-01
-1.950000000000000000e+02, 6.500000000000000000e+01, 1.011148357391357422e+01, 7.564170956611633301e-01
-1.850000000000000000e+02, 6.500000000000000000e+01, 1.012846946716308594e+01, 7.377716302871704102e-01
-1.750000000000000000e+02, 6.500000000000000000e+01, 1.010550308227539062e+01, 8.429005146026611328e-01
-1.650000000000000000e+02, 6.500000000000000000e+01, 1.015002727508544922e+01, 8.984746336936950684e-01
-1.550000000000000000e+02, 6.500000000000000000e+01, 1.021495342254638672e+01, 9.472786784172058105e-01
-1.450000000000000000e+02, 6.500000000000000000e+01, 1.037200736999511719e+01, 9.664757847785949707e-01
-1.350000000000000000e+02, 6.500000000000000000e+01, 1.057028388977050781e+01, 9.628229141235351562e-01
-1.250000000000000000e+02, 6.500000000000000000e+01, 1.075643062591552734e+01, 9.903703331947326660e-01
-1.150000000000000000e+02, 6.500000000000000000e+01, 1.096797180175781250e+01, 1.026107907295227051e+00
-1.050000000000000000e+02, 6.500000000000000000e+01, 1.119792175292968750e+01, 1.045588016510009766e+00
-9.500000000000000000e+01, 6.500000000000000000e+01, 1.117341613769531250e+01, 1.133498907089233398e+00
-8.500000000000000000e+01, 6.500000000000000000e+01, 1.124523639678955078e+01, 1.230784296989440918e+00
-7.500000000000000000e+01, 6.500000000000000000e+01, 1.164518928527832031e+01, 1.456415891647338867e+00
-6.500000000000000000e+01, 6.500000000000000000e+01, 1.185126018524169922e+01, 1.624449372291564941e+00
-5.500000000000000000e+01, 6.500000000000000000e+01, 1.183882999420166016e+01, 1.448487877845764160e+00
-4.500000000000000000e+01, 6.500000000000000000e+01, 1.179542732238769531e+01, 1.124903440475463867e+00
-3.500000000000000000e+01, 6.500000000000000000e+01, 1.175736904144287109e+01, 7.448094487190246582e-01
-2.500000000000000000e+01, 6.500000000000000000e+01, 1.176685047149658203e+01, 3.461118638515472412e-01
-1.500000000000000000e+01, 6.500000000000000000e+01, 1.182811641693115234e+01, -9.350657463073730469e-03
-5.000000000000000000e+00, 6.500000000000000000e+01, 1.189087200164794922e+01, -3.063619136810302734e-01
5.000000000000000000e+00, 6.500000000000000000e+01, 1.188095951080322266e+01, -5.616253614425659180e-01
1.500000000000000000e+01, 6.500000000000000000e+01, 1.173098945617675781e+01, -7.321596145629882812e-01
2.500000000000000000e+01, 6.500000000000000000e+01, 1.153392887115478516e+01, -7.320684790611267090e-01
3.500000000000000000e+01, 6.500000000000000000e+01, 1.141598606109619141e+01, -6.348296403884887695e-01
4.500000000000000000e+01, 6.500000000000000000e+01, 1.140394115447998047e+01, -6.321495771408081055e-01
5.500000000000000000e+01, 6.500000000000000000e+01, 1.147285938262939453e+01, -7.791459560394287109e-01
6.500000000000000000e+01, 6.500000000000000000e+01, 1.137933063507080078e+01, -8.679809570312500000e-01
7.500000000000000000e+01, 6.500000000000000000e+01, 1.121416282653808594e+01, -7.600163817405700684e-01
8.500000000000000000e+01, 6.500000000000000000e+01, 1.109243774414062500e+01, -6.191337108612060547e-01
9.500000000000000000e+01, 6.500000000000000000e+01, 1.094784355163574219e+01, -4.735514819622039795e-01
1.050000000000000000e+02, 6.500000000000000000e+01, 1.074453639984130859e+01, -3.566052615642547607e-01
1.150000000000000000e+02, 6.500000000000000000e+01, 1.050671005249023438e+01, -2.761734724044799805e-01
1.250000000000000000e+02, 6.500000000000000000e+01, 1.034652519226074219e+01, -2.473122179508209229e-01
1.350000000000000000e+02, 6.500000000000000000e+01, 1.022803020477294922e+01, -1.585193574428558350e-01
1.450000000000000000e+02, 6.500000000000000000e+01, 1.017557144165039062e+01, -4.845142364501953125e-02
1.550000000000000000e+02, 6.500000000000000000e+01, 1.024784660339355469e+01, -5.379599332809448242e-02
1.650000000000000000e+02, 6.500000000000000000e+01, 1.038123703002929688e+01, -1.383275836706161499e-01
1.750000000000000000e+02, 6.500000000000000000e+01, 1.016483592987060547e+01, -1.804006695747375488e-01
1.850000000000000000e+02, 6.500000000000000000e+01, 1.011552715301513672e+01, -2.448781430721282959e-01
1.950000000000000000e+02, 6.500000000000000000e+01, 1.005553722381591797e+01, -1.954225897789001465e-01
-1.950000000000000000e+02, 7.500000000000000000e+01, 1.019939136505126953e+01, 8.357865810394287109e-01
-1.850000000000000000e+02, 7.500000000000000000e+01, 1.018624877929687500e+01, 7.845686078071594238e-01
-1.750000000000000000e+02, 7.500000000000000000e+01, 1.018642425537109375e+01, 8.390223979949951172e-01
-1.650000000000000000e+02, 7.500000000000000000e+01, 1.019811153411865234e+01, 9.133650660514831543e-01
-1.550000000000000000e+02, 7.500000000000000000e+01, 1.031585502624511719e+01, 9.392002820968627930e-01
-1.450000000000000000e+02, 7.500000000000000000e+01, 1.048849773406982422e+01, 9.197934865951538086e-01
-1.350000000000000000e+02, 7.500000000000000000e+01, 1.070769691467285156e+01, 8.545105457305908203e-01
-1.250000000000000000e+02, 7.500000000000000000e+01, 1.091521930694580078e+01, 8.054301738739013672e-01
-1.150000000000000000e+02, 7.500000000000000000e+01, 1.110483264923095703e+01, 8.077134490013122559e-01
-1.050000000000000000e+02, 7.500000000000000000e+01, 1.129937458038330078e+01, 8.784508705139160156e-01
-9.500000000000000000e+01, 7.500000000000000000e+01, 1.110681056976318359e+01, 1.077714800834655762e+00
-8.500000000000000000e+01, 7.500000000000000000e+01, 1.100215911865234375e+01, 1.129225730895996094e+00
-7.500000000000000000e+01, 7.500000000000000000e+01, 1.150094032287597656e+01, 1.329689741134643555e+00
-6.500000000000000000e+01, 7.500000000000000000e+01, 1.188051414489746094e+01, 1.550346732139587402e+00
-5.500000000000000000e+01, 7.500000000000000000e+01, 1.184665966033935547e+01, 1.326373577117919922e+00
-4.500000000000000000e+01, 7.500000000000000000e+01, 1.168139457702636719e+01, 1.023256063461303711e+00
-3.500000000000000000e+01, 7.500000000000000000e+01, 1.157624816894531250e+01, 6.890780925750732422e-01
-2.500000000000000000e+01, 7.500000000000000000e+01, 1.156959056854248047e+01, 3.500496149063110352e-01
-1.500000000000000000e+01, 7.500000000000000000e+01, 1.163992595672607422e+01, 5.118604004383087158e-02
-5.000000000000000000e+00, 7.500000000000000000e+01, 1.172386932373046875e+01, -1.887347847223281860e-01
5.000000000000000000e+00, 7.500000000000000000e+01, 1.175167655944824219e+01, -3.744717240333557129e-01
1.500000000000000000e+01, 7.500000000000000000e+01, 1.161885166168212891e+01, -5.199148058891296387e-01
2.500000000000000000e+01, 7.500000000000000000e+01, 1.136866092681884766e+01, -6.154335737228393555e-01
3.500000000000000000e+01, 7.500000000000000000e+01, 1.105004882812500000e+01, -5.688213706016540527e-01
4.500000000000000000e+01, 7.500000000000000000e+01, 1.087004280090332031e+01, -5.267831087112426758e-01
5.500000000000000000e+01, 7.500000000000000000e+01, 1.092226696014404297e+01, -6.123280525207519531e-01
6.500000000000000000e+01, 7.500000000000000000e+01, 1.106460762023925781e+01, -9.356922507286071777e-01
7.500000000000000000e+01, 7.500000000000000000e+01, 1.105658340454101562e+01, -8.021805286407470703e-01
8.500000000000000000e+01, 7.500000000000000000e+01, 1.095535182952880859e+01, -6.737405061721801758e-01
9.500000000000000000e+01, 7.500000000000000000e+01, 1.080176639556884766e+01, -5.539301633834838867e-01
1.050000000000000000e+02, 7.500000000000000000e+01, 1.057627773284912109e+01, -4.768948554992675781e-01
1.150000000000000000e+02, 7.500000000000000000e+01, 1.027167701721191406e+01, -4.170946478843688965e-01
1.250000000000000000e+02, 7.500000000000000000e+01, 1.023650646209716797e+01, -3.778831362724304199e-01
1.350000000000000000e+02, 7.500000000000000000e+01, 1.027120780944824219e+01, -4.006305634975433350e-01
1.450000000000000000e+02, 7.500000000000000000e+01, 1.015242099761962891e+01, -3.131029605865478516e-01
1.550000000000000000e+02, 7.500000000000000000e+01, 1.018955516815185547e+01, -2.875466346740722656e-01
1.650000000000000000e+02, 7.500000000000000000e+01, 1.019332695007324219e+01, -2.840919792652130127e-01
1.750000000000000000e+02, 7.500000000000000000e+01, 1.017881393432617188e+01, -2.833178937435150146e-01
1.850000000000000000e+02, 7.500000000000000000e+01, 1.023873615264892578e+01, -2.880601584911346436e-01
1.950000000000000000e+02, 7.500000000000000000e+01, nan, nan
-1.950000000000000000e+02, 8.500000000000000000e+01, 1.028158283233642578e+01, 8.418511152267456055e-01
-1.850000000000000000e+02, 8.500000000000000000e+01, 1.022560977935791016e+01, 8.794461488723754883e-01
-1.750000000000000000e+02, 8.500000000000000000e+01, 1.029483699798583984e+01, 8.037952184677124023e-01
-1.650000000000000000e+02, 8.500000000000000000e+01, 1.028006267547607422e+01, 8.963450789451599121e-01
-1.550000000000000000e+02, 8.500000000000000000e+01, 1.034447002410888672e+01, 1.000552773475646973e+00
-1.450000000000000000e+02, 8.500000000000000000e+01, 1.045726585388183594e+01, 1.067718982696533203e+00
-1.350000000000000000e+02, 8.500000000000000000e+01, 1.066003894805908203e+01, 1.034974575042724609e+00
-1.250000000000000000e+02, 8.500000000000000000e+01, 1.096022129058837891e+01, 9.355487227439880371e-01
-1.150000000000000000e+02, 8.500000000000000000e+01, 1.122400665283203125e+01, 9.417043328285217285e-01
-1.050000000000000000e+02, 8.500000000000000000e+01, 1.142223453521728516e+01, 1.057590842247009277e+00
-9.500000000000000000e+01, 8.500000000000000000e+01, 1.122878646850585938e+01, 1.435902118682861328e+00
-8.500000000000000000e+01, 8.500000000000000000e+01, 1.104562664031982422e+01, 1.611628770828247070e+00
-7.500000000000000000e+01, 8.500000000000000000e+01, 1.183596801757812500e+01, 1.770693182945251465e+00
-6.500000000000000000e+01, 8.500000000000000000e+01, 1.187750244140625000e+01, 1.392023324966430664e+00
-5.500000000000000000e+01, 8.500000000000000000e+01, 1.186142253875732422e+01, 9.640077352523803711e-01
-4.500000000000000000e+01, 8.500000000000000000e+01, 1.171716403961181641e+01, 7.458578348159790039e-01
-3.500000000000000000e+01, 8.500000000000000000e+01, 1.159741401672363281e+01, 4.917045831680297852e-01
-2.500000000000000000e+01, 8.500000000000000000e+01, 1.160597229003906250e+01, 1.588693857192993164e-01
-1.500000000000000000e+01, 8.500000000000000000e+01, 1.166706943511962891e+01, -9.055595844984054565e-03
-5.000000000000000000e+00, 8.500000000000000000e+01, 1.168892002105712891e+01, -6.599894165992736816e-02
5.000000000000000000e+00, 8.500000000000000000e+01, 1.163645553588867188e+01, -1.673334836959838867e-01
1.500000000000000000e+01, 8.500000000000000000e+01, 1.158598136901855469e+01, -3.063032627105712891e-01
2.500000000000000000e+01, 8.500000000000000000e+01, 1.147693920135498047e+01, -4.275383055210113525e-01
3.500000000000000000e+01, 8.500000000000000000e+01, 1.138858890533447266e+01, -5.174255371093750000e-01
4.500000000000000000e+01, 8.500000000000000000e+01, 1.130186176300048828e+01, -6.014252901077270508e-01
5.500000000000000000e+01, 8.500000000000000000e+01, 1.101895809173583984e+01, -6.035505533218383789e-01
6.500000000000000000e+01, 8.500000000000000000e+01, 1.087128353118896484e+01, -1.143597364425659180e+00
7.500000000000000000e+01, 8.500000000000000000e+01, 1.078008460998535156e+01, -1.044614553451538086e+00
8.500000000000000000e+01, 8.500000000000000000e+01, 1.072761535644531250e+01, -9.198823571205139160e-01
9.500000000000000000e+01, 8.500000000000000000e+01, 1.067424201965332031e+01, -7.978999614715576172e-01
1.050000000000000000e+02, 8.500000000000000000e+01, 1.057298278808593750e+01, -6.928438544273376465e-01
1.150000000000000000e+02, 8.500000000000000000e+01, 1.050146198272705078e+01, -6.315946578979492188e-01
1.250000000000000000e+02, 8.500000000000000000e+01, 1.047595787048339844e+01, -6.120936870574951172e-01
1.350000000000000000e+02, 8.500000000000000000e+01, 1.029851818084716797e+01, -4.864828586578369141e-01
1.450000000000000000e+02, 8.500000000000000000e+01, nan, nan
1.550000000000000000e+02, 8.500000000000000000e+01, 1.023873615264892578e+01, -2.880601584911346436e-01
1.650000000000000000e+02, 8.500000000000000000e+01, nan, nan
1.750000000000000000e+02, 8.500000000000000000e+01, nan, nan
1.850000000000000000e+02, 8.500000000000000000e+01, nan, nan
1.950000000000000000e+02, 8.500000000000000000e+01, nan, nan
-1.950000000000000000e+02, 9.500000000000000000e+01, 1.032579326629638672e+01, 7.988321781158447266e-01
-1.850000000000000000e+02, 9.500000000000000000e+01, 1.021087741851806641e+01, 9.247133731842041016e-01
-1.750000000000000000e+02, 9.500000000000000000e+01, 1.018862819671630859e+01, 9.329648017883300781e-01
-1.650000000000000000e+02, 9.500000000000000000e+01, 1.024235534667968750e+01, 8.731616139411926270e-01
-1.550000000000000000e+02, 9.500000000000000000e+01, 1.029585838317871094e+01, 1.065916299819946289e+00
-1.450000000000000000e+02, 9.500000000000000000e+01, 1.041913795471191406e+01, 1.197507143020629883e+00
-1.350000000000000000e+02, 9.500000000000000000e+01, 1.055314731597900391e+01, 1.287305831909179688e+00
-1.250000000000000000e+02, 9.500000000000000000e+01, 1.070648193359375000e+01, 1.306715488433837891e+00
-1.150000000000000000e+02, 9.500000000000000000e+01, 1.078531932830810547e+01, 1.319892406463623047e+00
-1.050000000000000000e+02, 9.500000000000000000e+01, 1.070038223266601562e+01, 1.229769825935363770e+00
-9.500000000000000000e+01, 9.500000000000000000e+01, 1.079118728637695312e+01, 1.268943667411804199e+00
-8.500000000000000000e+01, 9.500000000000000000e+01, 1.190964794158935547e+01, 1.749284625053405762e+00
-7.500000000000000000e+01, 9.500000000000000000e+01, 1.202677726745605469e+01, 1.834608197212219238e+00
-6.500000000000000000e+01, 9.500000000000000000e+01, 1.201842403411865234e+01, 1.282440185546875000e+00
-5.500000000000000000e+01, 9.500000000000000000e+01, 1.199708747863769531e+01, 6.508917212486267090e-01
-4.500000000000000000e+01, 9.500000000000000000e+01, 1.201255035400390625e+01, 1.891468912363052368e-01
-3.500000000000000000e+01, 9.500000000000000000e+01, 1.200364112854003906e+01, -6.804993003606796265e-02
-2.500000000000000000e+01, 9.500000000000000000e+01, 1.189990234375000000e+01, -2.511851303279399872e-02
-1.500000000000000000e+01, 9.500000000000000000e+01, 1.175535202026367188e+01, 9.080182015895843506e-02
-5.000000000000000000e+00, 9.500000000000000000e+01, 1.166386890411376953e+01, -2.011546492576599121e-02
5.000000000000000000e+00, 9.500000000000000000e+01, 1.159811115264892578e+01, -1.519303172826766968e-01
1.500000000000000000e+01, 9.500000000000000000e+01, 1.156523799896240234e+01, -2.996608316898345947e-01
2.500000000000000000e+01, 9.500000000000000000e+01, 1.159020996093750000e+01, -4.358374178409576416e-01
3.500000000000000000e+01, 9.500000000000000000e+01, 1.170828819274902344e+01, -5.029215216636657715e-01
4.500000000000000000e+01, 9.500000000000000000e+01, 1.173386383056640625e+01, -4.860565662384033203e-01
5.500000000000000000e+01, 9.500000000000000000e+01, 1.170381927490234375e+01, -5.132726430892944336e-01
6.500000000000000000e+01, 9.500000000000000000e+01, 1.093350505828857422e+01, -1.082353115081787109e+00
7.500000000000000000e+01, 9.500000000000000000e+01, 1.071330928802490234e+01, -9.471067786216735840e-01
8.500000000000000000e+01, 9.500000000000000000e+01, 1.079767894744873047e+01, -9.554935097694396973e-01
9.500000000000000000e+01, 9.500000000000000000e+01, 1.079303359985351562e+01, -8.607166409492492676e-01
1.050000000000000000e+02, 9.500000000000000000e+01, 1.050412750244140625e+01, -6.165992617607116699e-01
1.150000000000000000e+02, 9.500000000000000000e+01, nan, nan
1.250000000000000000e+02, 9.500000000000000000e+01, nan, nan
1.350000000000000000e+02, 9.500000000000000000e+01, nan, nan
1.450000000000000000e+02, 9.500000000000000000e+01, nan, nan
1.550000000000000000e+02, 9.500000000000000000e+01, nan, nan
1.650000000000000000e+02, 9.500000000000000000e+01, nan, nan
1.750000000000000000e+02, 9.500000000000000000e+01, nan, nan
1.850000000000000000e+02, 9.500000000000000000e+01, nan, nan
1.950000000000000000e+02, 9.500000000000000000e+01, nan, nan
